788948105
74313938
117727259
256268865
505678237
143829169
713469044
584927580
1428599
263951851
919415253
702403335
80799955
133031932
51207674
459099311
651792212
357016450
303406745
216653165
672450862
255081089
934502706
785695082
619146735
669000966
738435707
613778412
688416423
522584376
833047312
580860031
216653165
185848365
506160347
136068337
206363650
154224847
236950194
116244390
773268858
213801399
92454456
264083863
338038823
208264263
653741502
848486986
49229747
737963516
750964762
488358480
472101588
928311975
787513758
547458097
131072982
76288629
534791880
134506371
739885574
861991532
913894236
306821694
578519881
774511466
431878899
778874968
448546771
407141061
707033348
586584912
551399228
712096320
645257698
510565478
128015371
896504097
960597080
710933670
560632014
556024476
782297701
189843284
157784242
734893260
648629622
149991855
233996814
538053303
116364063
514893841
992354025
21083847
388776959
242737161
125614063
954204000
535315131
617706036
512346615
473073659
370261335
348795595
971631399
247106549
745095843
808491366
549409973
155664513
986668068
439403251
708747185
488060516
397577171
825459041
276715729
128015371
900897312
549409996
233143492
875234969
928668463
584036318
555534452
176545819
299613419
714261794
521159446
727572568
540915656
43642775
455564848
115217018
540802498
812866968
702512874
643367789
993943385
53306858
859822485
1
209561654
803888136
411917333
534173955
168437608
898977171
209641824
708763763
491764887
603372789
5
527755493
152275473
516931540
847144330
293907818
192458107
794179353
223889569
945639198
588389606
624423024
296105298
549097648
2
358004563
11572585
980307394
492003026
34445841
955199138
790200210
787294282
371162129
21619779
954565064
45533702
242208698
479509303
824313423
696501490
369825100
957558670
1
678197837
163628067
305400198
406492030
440960217
931119858
437713764
949458799
546770177
292893574
7213703
163040139
245274614
643709792
188306764
23155239
139986993
349873980
452752668
257341163
11711212
459273879
868221489
55
321613568
400317510
382368746
29351339
447629072
330686990
968279341
724933939
567608463
484653385
750438065
263436664
191615444
28348858
523112748
587011110
17711
737012144
148713549
675494233
412950917
320916602
472309634
275540739
30173597
517099733
841854226
606341718
566571374
479455459
887454119
132241255
794411791
680884383
753339632
672015899
